  4   5   5   5   5   5   5   5   5   5   5   5   5   5   5   5   5   5   5   5   5   5   5   5   5   5   5   5   5   5   5   5   5   5   5   5   5   5   5   6   6   6   6   6   6   6   6   6   6   6   6   6   6   6   6   7   7   7   7   7   7   8   8   8   9  10  11  12  17  17  12  11  14  13  22 500   8   7   7   7   7   6   6   6   6   6   6   6   6   6   6   5   5   5   5   5   5   5   5   5   5
  5   5   5   5   5   5   5   5   5   5   5   5   5   5   5   5   5   5   5   5   5   5   5   5   5   5   5   5   5   5   5   5   5   5   5   5   5   6   6   6   6   6   6   6   6   6   6   6   6   6   6   6   6   6   7   7   7   7   7   7   8   8   8   8   9  10  10  12  17  29  14  15  22  20  13   9   8   8   7   7   7   7   6   6   6   6   6   6   6   6   6   6   5   5   5   5   5   5   5   5   5
  5   5   5   5   5   5   5   5   5   5   5   5   5   5   5   5   5   5   5   5   5   5   5   5   5   5   5   5   5   5   5   5   5   5   5   5   6   6   6   6   6   6   6   6   6   6   6   6   6   6   6   6   6   7   7   7   7   7   7   7   8   8   8   9   9  10  10  11  13  17  21  17  14  12  10   9   8   8   7   7   7   7   6   6   6   6   6   6   6   6   6   6   6   5   5   5   5   5   5   5   5
  5   5   5   5   5   5   5   5   5   5   5   5   5   5   5   5   5   5   5   5   5   5   5   5   5   5   5   5   5   5   5   5   5   5   6   6   6   6   6   6   6   6   6   6   6   6   6   6   6   6   6   6   7   7   7   7   7   7   7   8   8   8   9   9   9  10  11  12  13  16  23  14  12  11  10   9   8   8   8   7   7   7   7   6   6   6   6   6   6   6   6   6   6   6   5   5   5   5   5   5   5
  5   5   5   5   5   5   5   5   5   5   5   5   5   5   5   5   5   5   5   5   5   5   5   5   5   5   5   5   5   5   5   5   6   6   6   6   6   6   6   6   6   6   6   6   6   6   6   6   6   6   7   7   7   7   7   7   7   7   8   8   8   9   9   9  10  11  12  13  15  20  26  15  13  11  10   9   9   8   8   7   7   7   7   7   6   6   6   6   6   6   6   6   6   6   6   5   5   5   5   5   5
  5   5   5   5   5   5   5   5   5   5   5   5   5   5   5   5   5   5   5   5   5   5   5   5   5   5   5   5   5   5   5   6   6   6   6   6   6   6   6   6   6   6   6   6   6   6   6   6   6   7   7   7   7   7   7   7   7   8   8   8   9   9  10  11  11  11  21  19  19  33  26  17  24  12  11  10   9   9   8   8   7   7   7   7   7   6   6   6   6   6   6   6   6   6   6   6   6   5   5   5   5
  5   5   5   5   5   5   5   5   5   5   5   5   5   5   5   5   5   5   5   5   5   5   5   5   5   5   5   5   5   6   6   6   6   6   6   6   6   6   6   6   6   6   6   6   6   6   6   7   7   7   7   7   7   7   7   7   8   8   8   9   9  10  11  17  13  13  14  18  47 500  82  58  25  13  11  11  10   9   8   8   8   7   7   7   7   7   6   6   6   6   6   6   6   6   6   6   6   6   5   5   5
  5   5   5   5   5   5   5   5   5   5   5   5   5   5   5   5   5   5   5   5   5   5   5   5   5   5   5   6   6   6   6   6   6   6   6   6   6   6   6   6   6   6   6   6   6   7   7   7   7   7   7   7   7   7   7   8   8   8   8   9  10  12  14  19  16  15  24  20  46 500 500  52  17  14  13  14  15  10   9   8   8   7   7   7   7   7   7   7   6   6   6   6   6   6   6   6   6   6   6   5   5
  5   5   5   5   5   5   5   5   5   5   5   5   5   5   5   5   5   5   5   5   5   5   5   5   5   6   6   6   6   6   6   6   6   6   6   6   6   6   6   6   6   6   6   6   7   7   7   7   7   7   7   7   7   7   8   8   8   8   9  10  14  24  18  39  19  19  56 110  62 500  67  28  22  31  15  25  14  11   9   8   8   8   7   7   7   7   7   7   7   6   6   6   6   6   6   6   6   6   6   6   5
  5   5   5   5   5   5   5   5   5   5   5   5   5   5   5   5   5   5   5   5   5   5   5   6   6   6   6   6   6   6   6   6   6   6   6   6   6   6   6   6   6   6   7   7   7   7   7   7   7   7   7   7   8   8   8   8   8   9   9  10  11  13  15  23  40  92 500 500 500 500 500 500 500  22  19  27  35  14   9   9   8   8   8   7   7   7   7   7   7   7   7   6   6   6   6   6   6   6   6   6   6
  5   5   5   5   5   5   5   5   5   5   5   5   5   5   5   5   5   5   5   5   5   6   6   6   6   6   6   6   6   6   6   6   6   6   6   6   6   6   6   6   7   7   7   7   7   7   7   7   7   7   8   8   8   8   8   8   8   9   9  10  11  12  14  20 500 500 500 500 500 500 500 500 500  55  83  20  14  11  10   9   8   8   8   8   7   7   7   7   7   7   7   7   6   6   6   6   6   6   6   6   6
  5   5   5   5   5   5   5   5   5   5   5   5   5   5   5   5   5   5   5   6   6   6   6   6   6   6   6   6   6   6   6   6   6   6   6   6   6   6   6   7   7   7   7   7   7   7   7   7   8   8   8   8   8   8   8   9   9   9   9  10  11  12  21  20 135 500 500 500 500 500 500 500 500 500  41  16  13  11  10   9   9   8   8   8   8   8   7   7   7   7   7   7   7   7   6   6   6   6   6   6   6
  5   5   5   5   5   5   5   5   5   5   5   5   5   5   5   5   5   6   6   6   6   6   6   6   6   6   6   6   6   6   6   6   6   6   6   6   6   6   7   7   7   7   7   7   7   8   8   8   8   8   8   8   8   8   9   9   9   9  10  10  11  13  24  36  67 500 500 500 500 500 500 500 500 500  27  34  31  11  10   9   9   9   8   8   8   8   8   7   7   7   7   7   7   7   7   7   6   6   6   6   6
  5   5   5   5   5   5   5   5   5   5   5   5   5   5   5   6   6   6   6   6   6   6   6   6   6   6   6   6   6   6   6   6   6   6   6   6   7   7   7   7   7   7   7   8   8   8   8   8   8   9   9   9   9   9   9   9   9  10  10  11  11  13  15  23 118 500 500 500 500 500 500 500 500 500 500  21  14  11  10  10   9   9   9   8   8   8   8   8   8   8   8   7   7   7   7   7   7   6   6   6   6
  5   5   5   5   5   5   5   5   5   5   5   5   5   6   6   6   6   6   6   6   6   6   6   6   6   6   6   6   6   6   6   6   6   6   6   7   7   7   7   7   7   7   8   8   8   9   9   9   9   9   9   9   9   9  10  10  10  10  11  11  12  13  15  62 500 500 500 500 500 500 500 500 500 500  28  17  13  12  11  10  10  10   9   9   9   8   8   8   8   8   8   8   8   8   8   7   7   7   6   6   6
  5   5   5   5   5   5   5   5   5   5   5   6   6   6   6   6   6   6   6   6   6   6   6   6   6   6   6   6   6   6   6   6   6   7   7   7   7   7   7   7   7   8   8   9  10  10  10  10  11  13  11  10  10  10  10  11  11  11  12  12  12  13  15  17  40 500 500 500 500 500 500 500 500 324  20  15  13  12  11  11  11  11  10  10   9   9   9   9   8   8   9   9  10  17   9   8   7   7   6   6   6
  5   5   5   5   5   5   5   5   5   6   6   6   6   6   6   6   6   6   6   6   6   6   6   6   6   6   6   6   6   6   6   6   7   7   7   7   7   7   7   7   8   8   8  10  39  14  12  21  14  20  12  11  11  11  11  15  15  24  13  13  14  15  15  17  21  47 500 500 500 500 500 500 500  40  18  16  14  14  13  12  12  13  23  11  10   9   9   9   9   9   9  10  11  16  16   8   7   7   7   6   6
  5   5   5   5   5   5   5   5   6   6   6   6   6   6   6   6   6   6   6   6   6   6   6   6   6   6   6   6   6   6   7   7   7   7   7   7   7   7   7   8   8   8   9  10  13  39  18  23  35  17  13  12  12  12  12  15  44  42  17  16  67  19  49  21  22  26  36 500 500 500 500 500  28  23  22  20  22  20 118  14  14  64  40  21  11  10  10  10  10  10  10  10  12  43  12   9   8   7   7   7   6
  5   5   5   5   5   5   6   6   6   6   6   6   6   6   6   6   6   6   6   6   6   6   6   6   6   6   6   6   6   7   7   7   7   7   7   7   7   7   7   8   8   8   9  10  11  14  20  47  21  17  19  49  13  13  14  25  30  61  85  22 146  31 500 314 500 500 500 500 500 500 500 500 500 500 500  58  68  78  48  19  51  27  63  41  12  11  11  11  11  11  11  11  18  39  11  10   8   8   7   7   6
  5   5   5   5   6   6   6   6   6   6   6   6   6   6   6   6   6   6   6   6   6   6   6   6   6   6   7   7   7   7   7   7   7   7   7   7   7   7   8   8   8   9   9  10  13  21  21  29  42  30  24  70  19  15  16  18  97 500 169 500 500 500 500 500 500 500 500 500 500 500 500 500 500 500 500 500 500 500  94 187  48 500 114  17  13  12  12  13  29  26  13  13  14  26  13  12  11   8   7   7   6
  5   5   5   6   6   6   6   6   6   6   6   6   6   6   6   6   6   6   6   6   6   6   6   6   7   7   7   7   7   7   7   7   7   7   7   7   7   8   8   8   8   9   9  10  12  14  16  69 500 149 500 150  46  18 101  28 257 500 500 500 500 500 500 500 500 500 500 500 500 500 500 500 500 500 500 500 500 500 500 500 500 500  51  18  46  14  13  14  18  28  17  17  17  29  29  17  10   8   7   7   7
  5   5   6   6   6   6   6   6   6   6   6   6   6   6   6   6   6   6   6   6   6   7   7   7   7   7   7   7   7   7   7   7   7   7   7   7   8   8   8   8   9   9   9  10  11  13  25  22 151 500 500 500 193  26  34 500 500 500 500 500 500 500 500 500 500 500 500 500 500 500 500 500 500 500 500 500 500 500 500 500 500 500 500  31 358  17  16  32  29  96  43  65  29  24  30  12   9   8   7   7   7
  6   6   6   6   6   6   6   6   6   6   6   6   6   6   6   6   6   7   7   7   7   7   7   7   7   7   7   7   7   7   7   7   7   7   8   8   8   8   8   8   9   9  10  10  11  13  34 134 500 500 500 500  39 500 500 500 500 500 500 500 500 500 500 500 500 500 500 500 500 500 500 500 500 500 500 500 500 500 500 500 500 500 500 500 107 104  19  42 500 500 500 500  45  20  14  26   9   8   7   7   7
  6   6   6   6   6   6   6   6   6   6   6   6   6   7   7   7   7   7   7   7   7   7   7   7   7   7   7   7   7   7   7   7   7   8   8   8   8   8   8   9   9  10  10  11  11  13  16  22 135 500 500 500 500 500 500 500 500 500 500 500 500 500 500 500 500 500 500 500 500 500 500 500 500 500 500 500 500 500 500 500 500 500 500 500 500 500  28 500 500 500 500 500  26  15  12  10   9   8   7   7   7
  6   6   6   6   6   6   6   6   6   6   7   7   7   7   7   7   7   7   7   7   7   7   7   7   7   7   7   7   7   7   7   8   8   8   8   8   8   8   9   9  10  10  11  11  12  13  15  17  22  33  66 500 500 500 500 500 500 500 500 500 500 500 500 500 500 500 500 500 500 500 500 500 500 500 500 500 500 500 500 500 500 500 500 500 500 500 500 500 500 500 500 500  24  31  11  10   9   8   8   7   7
  6   6   6   6   6   6   6   6   7   7   7   7   7   7   7   7   7   7   7   7   7   7   7   7   7   7   7   7   8   8   8   8   8   8   8   8   8   9   9  10  10  11  14  19  14  14  18  20  98 500 500 500 500 500 500 500 500 500 500 500 500 500 500 500 500 500 500 500 500 500 500 500 500 500 500 500 500 500 500 500 500 500 500 500 500 500 500 500 500 500 500  34  19  14  10   9   9   8   8   7   7
  6   6   6   6   6   6   6   7   7   7   7   7   7   7   7   7   7   7   7   7   7   7   7   8   8   8   8   8   8   8   8   8   8   8   8   8   9   9   9  11  14  14  19  20  16  17 141 500 500 500 500 500 500 500 500 500 500 500 500 500 500 500 500 500 500 500 500 500 500 500 500 500 500 500 500 500 500 500 500 500 500 500 500 500 500 500 500 500 500  32  24  18  14  12  10   9   9   8   8   7   7
  6   6   6   6   6   6   7   7   7   7   8   8   8   8   8   8   8   8   8   8   8   8   8   8   8   8   8   8   8   8   8   8   8   8   9   9   9   9  10  11  15  41  34  25  59  21 170 500 500 500 500 500 500 500 500 500 500 500 500 500 500 500 500 500 500 500 500 500 500 500 500 500 500 500 500 500 500 500 500 500 500 500 500 500 500 500 500 500 500 500 118  18  14  12  10  10   9   8   8   7   7
  6   6   6   6   6   7   7   7   7   8   9  10   9   9   8   8   8   8   8   8   8   8   8   8   8   8   8   8   8   8   8   8   9   9   9   9   9  10  10  11  18  56  44 500 500 197 500 500 500 500 500 500 500 500 500 500 500 500 500 500 500 500 500 500 500 500 500 500 500 500 500 500 500 500 500 500 500 500 500 500 500 500 500 500 500 500 500 500 500 500 500  42  17  15  11  10   9   9   8   8   7
  6   6   6   6   7   7   7   7   7   8   9  15  12  11   9   9   8   8   8   8   8   8   9   9   9   9   9   9   9   9   9   9   9   9   9   9  10  10  10  11  13  16  56 500 500 500 500 500 500 500 500 500 500 500 500 500 500 500 500 500 500 500 500 500 500 500 500 500 500 500 500 500 500 500 500 500 500 500 500 500 500 500 500 500 500 500 500 500 500 500 500  37  77  21  12  11  10  10   9   8   7
  6   6   6   7   7   7   7   7   8   8   9  11  16  12  10   9   9   9   9   9   9   9   9  10  10   9   9   9   9   9   9   9   9   9   9  10  10  10  11  12  13  15  19  51  58 500 500 500 500 500 500 500 500 500 500 500 500 500 500 500 500 500 500 500 500 500 500 500 500 500 500 500 500 500 500 500 500 500 500 500 500 500 500 500 500 500 500 500 500 500 500 500 108  15  13  12  12  13  12   9   8
  6   6   6   7   7   7   7   7   8   8   9  11  28  13  11  10  10   9   9   9   9  10  10  12  16  11  10  10   9   9   9   9   9  10  10  10  10  11  11  13  33  19  43  37 500 500 500 500 500 500 500 500 500 500 500 500 500 500 500 500 500 500 500 500 500 500 500 500 500 500 500 500 500 500 500 500 500 500 500 500 500 500 500 500 500 500 500 500 500 500 500 500 500  18  18  24  14  19  17   9   8
  6   6   7   7   7   7   7   8   8   9  10  13  20  13  11  11  10  10  10  10  10  10  12  21  16  12  11  10  10  10  10  10  10  10  10  10  11  11  13  21  63  83  28 500 500 500 500 500 500 500 500 500 500 500 500 500 500 500 500 500 500 500 500 500 500 500 500 500 500 500 500 500 500 500 500 500 500 500 500 500 500 500 500 500 500 500 500 500 500 500 500 500 500  28 500  35  18  28  13   9   8
  6   7   7   7   7   7   7   8   8   9  10  12  18  15  13  12  12  13  12  11  11  11  13  23  15  13  12  11  11  11  11  10  10  10  10  11  11  12  13  20  33 500 500 500 500 500 500 500 500 500 500 500 500 500 500 500 500 500 500 500 500 500 500 500 500 500 500 500 500 500 500 500 500 500 500 500 500 500 500 500 500 500 500 500 500 500 500 500 500 500 500 500 500 500 500 500  57  38  13   9   8
  7   7   7   7   7   7   8   8   8   9   9  11  21  21  23  20  29  17  16  13  12  12  14  17  37  18  15  13  13  27  12  11  11  11  11  11  12  12  13  16  20  36 500 500 500 500 500 500 500 500 500 500 500 500 500 500 500 500 500 500 500 500 500 500 500 500 500 500 500 500 500 500 500 500 500 500 500 500 500 500 500 500 500 500 500 500 500 500 500 500 500 500 500  87 500  48  17  24  10   9   8
  7   7   7   7   7   8   8   8   8   9   9  10  11  13  14  18  36  52  18  39  14  14  15  16  21  38  47  15  22  18  13  12  12  12  12  12  12  13  14  25  26 500 500 500 500 500 500 500 500 500 500 500 500 500 500 500 500 500 500 500 500 500 500 500 500 500 500 500 500 500 500 500 500 500 500 500 500 500 500 500 500 500 500 500 500 500 500 500 500 500 500 500 500 500  21  17  13  11   9   8   8
  7   7   7   7   7   8   8   8   9   9   9  10  11  12  13  16  20  43  31  36  17  20  18  22  43 500  59  19  20  44  18  14  14  13  12  12  13  13  17 154 500 500 500 500 500 500 500 500 500 500 500 500 500 500 500 500 500 500 500 500 500 500 500 500 500 500 500 500 500 500 500 500 500 500 500 500 500 500 500 500 500 500 500 500 500 500 500 500 500 500 500 500 500 500  24  15  12  10   9   8   8
  7   7   7   7   8   8   8   8   9   9  10  10  11  12  14  16  24  56 500 122  23  22 103  50  51 500  41  66  29  83  25  55  18  14  13  13  13  14  16  29 100 500 500 500 500 500 500 500 500 500 500 500 500 500 500 500 500 500 500 500 500 500 500 500 500 500 500 500 500 500 500 500 500 500 500 500 500 500 500 500 500 500 500 500 500 500 500 500 500 500 500 500 500 500 155  15  12  11   9   8   8
  7   7   8   8   8   8   8   9   9   9  10  10  11  12  16  22  31 500 500 500  33 500 500 500 500 500 500 500 500 500  33  27  43  17  15  14  14  15  30 500 500 500 500 500 500 500 500 500 500 500 500 500 500 500 500 500 500 500 500 500 500 500 500 500 500 500 500 500 500 500 500 500 500 500 500 500 500 500 500 500 500 500 500 500 500 500 500 500 500 500 500 500 500 500 263  28  15  19   9   8   8
  7   8   8   8   8   8   9   9   9  10  10  11  12  13  14  17  27 132 500 500 500 500 500 500 500 500 500 500 500 500 500 269  49  31  17  16  15  16  20  87 500 500 500 500 500 500 500 500 500 500 500 500 500 500 500 500 500 500 500 500 500 500 500 500 500 500 500 500 500 500 500 500 500 500 500 500 500 500 500 500 500 500 500 500 500 500 500 500 500 500 500 500 500 500 500 500  22  14   9   8   8
  8   8   8   8   9   9   9   9  10  10  11  14  13  14  16  21  24 101 500 500 500 500 500 500 500 500 500 500 500 500 500 500 500 500  41  18  17  17  23 500 500 500 500 500 500 500 500 500 500 500 500 500 500 500 500 500 500 500 500 500 500 500 500 500 500 500 500 500 500 500 500 500 500 500 500 500 500 500 500 500 500 500 500 500 500 500 500 500 500 500 500 500 500 500  32  34  40  13   9   8   7
  8   8   8   9   9   9  10  10  10  11  12  33  18  19  28  25 500 500 500 500 500 500 500 500 500 500 500 500 500 500 500 500 500 500 500  34  19  19  88 500 500 500 500 500 500 500 500 500 500 500 500 500 500 500 500 500 500 500 500 500 500 500 500 500 500 500 500 500 500 500 500 500 500 500 500 500 500 500 500 500 500 500 500 500 500 500 500 500 500 500 500 500 500 500 106  14  12  10   9   8   7
  8   8   9  10  12  11  11  11  11  11  12  14  16  34 500  90 500 500 500 500 500 500 500 500 500 500 500 500 500 500 500 500 500 500 500  41  21  21  36 500 500 500 500 500 500 500 500 500 500 500 500 500 500 500 500 500 500 500 500 500 500 500 500 500 500 500 500 500 500 500 500 500 500 500 500 500 500 500 500 500 500 500 500 500 500 500 500 500 500 500 500 500 500 500 124  16  12   9   8   8   7
  8   9   9  10  13  14  12  11  12  12  13  14  16  21  45 500 500 500 500 500 500 500 500 500 500 500 500 500 500 500 500 500 500 500 500 500  28  24  56 500 500 500 500 500 500 500 500 500 500 500 500 500 500 500 500 500 500 500 500 500 500 500 500 500 500 500 500 500 500 500 500 500 500 500 500 500 500 500 500 500 500 500 500 500 500 500 500 500 500 500 500 500 500 500 500  53  11   9   8   8   7
  9   9  10  10  13  44  14  13  13  15  14  15  26  77 500 500 500 500 500 500 500 500 500 500 500 500 500 500 500 500 500 500 500 500 500 500 128  27 500 500 500 500 500 500 500 500 500 500 500 500 500 500 500 500 500 500 500 500 500 500 500 500 500 500 500 500 500 500 500 500 500 500 500 500 500 500 500 500 500 500 500 500 500 500 500 500 500 500 500 500 500 500 500 500  16  12  10   9   8   8   7
  9   9  10  11  12  14  23  16  15  20  16  17  20  32 500 500 500 500 500 500 500 500 500 500 500 500 500 500 500 500 500 500 500 500 500 500 500  33 500 500 500 500 500 500 500 500 500 500 500 500 500 500 500 500 500 500 500 500 500 500 500 500 500 500 500 500 500 500 500 500 500 500 500 500 500 500 500 500 500 500 500 500 500 500 500 500 500 500 500 500 500 500 500 500  38  10   9   8   8   7   7
 10  10  10  11  12  14  22  21  20  31  22  20  23  67 500 500 500 500 500 500 500 500 500 500 500 500 500 500 500 500 500 500 500 500 500 500 500  94 500 500 500 500 500 500 500 500 500 500 500 500 500 500 500 500 500 500 500 500 500 500 500 500 500 500 500 500 500 500 500 500 500 500 500 500 500 500 500 500 500 500 500 500 500 500 500 500 500 500 500 500 500 500 500  17  12  10   9   8   8   7   7
 10  11  11  12  14  15  18  29 114  92  78 160  27 500 500 500 500 500 500 500 500 500 500 500 500 500 500 500 500 500 500 500 500 500 500 500 500 500 500 500 500 500 500 500 500 500 500 500 500 500 500 500 500 500 500 500 500 500 500 500 500 500 500 500 500 500 500 500 500 500 500 500 500 500 500 500 500 500 500 500 500 500 500 500 500 500 500 500 500 500 500 500  21  13  10   9   9   8   8   7   7
 12  16  13  13  17  18  23  54 500 500 500 500  97 500 500 500 500 500 500 500 500 500 500 500 500 500 500 500 500 500 500 500 500 500 500 500 500 500 500 500 500 500 500 500 500 500 500 500 500 500 500 500 500 500 500 500 500 500 500 500 500 500 500 500 500 500 500 500 500 500 500 500 500 500 500 500 500 500 500 500 500 500 500 500 500 500 500 500 500 500 500 500  13  11  10   9   8   8   8   7   7
 14  20  15  16  18  28  35 500 500 500 500 500 500 500 500 500 500 500 500 500 500 500 500 500 500 500 500 500 500 500 500 500 500 500 500 500 500 500 500 500 500 500 500 500 500 500 500 500 500 500 500 500 500 500 500 500 500 500 500 500 500 500 500 500 500 500 500 500 500 500 500 500 500 500 500 500 500 500 500 500 500 500 500 500 500 500 500 500 500 500  29  13  11  10   9   9   8   8   8   7   7
500 500 500 500 500 500 500 500 500 500 500 500 500 500 500 500 500 500 500 500 500 500 500 500 500 500 500 500 500 500 500 500 500 500 500 500 500 500 500 500 500 500 500 500 500 500 500 500 500 500 500 500 500 500 500 500 500 500 500 500 500 500 500 500 500 500 500 500 500 500 500 500 500 500 500 500 500 500 500 500 500 500 500 500 500 500 500 500  32  19  15  12  11  10   9   9   8   8   8   7   7
 14  20  15  16  18  28  35 500 500 500 500 500 500 500 500 500 500 500 500 500 500 500 500 500 500 500 500 500 500 500 500 500 500 500 500 500 500 500 500 500 500 500 500 500 500 500 500 500 500 500 500 500 500 500 500 500 500 500 500 500 500 500 500 500 500 500 500 500 500 500 500 500 500 500 500 500 500 500 500 500 500 500 500 500 500 500 500 500 500 500  29  13  11  10   9   9   8   8   8   7   7
 12  16  13  13  17  18  23  54 500 500 500 500  97 500 500 500 500 500 500 500 500 500 500 500 500 500 500 500 500 500 500 500 500 500 500 500 500 500 500 500 500 500 500 500 500 500 500 500 500 500 500 500 500 500 500 500 500 500 500 500 500 500 500 500 500 500 500 500 500 500 500 500 500 500 500 500 500 500 500 500 500 500 500 500 500 500 500 500 500 500 500 500  13  11  10   9   8   8   8   7   7
 10  11  11  12  14  15  18  29 114  92  78 160  27 500 500 500 500 500 500 500 500 500 500 500 500 500 500 500 500 500 500 500 500 500 500 500 500 500 500 500 500 500 500 500 500 500 500 500 500 500 500 500 500 500 500 500 500 500 500 500 500 500 500 500 500 500 500 500 500 500 500 500 500 500 500 500 500 500 500 500 500 500 500 500 500 500 500 500 500 500 500 500  21  13  10   9   9   8   8   7   7
 10  10  10  11  12  14  22  21  20  31  22  20  23  67 500 500 500 500 500 500 500 500 500 500 500 500 500 500 500 500 500 500 500 500 500 500 500  94 500 500 500 500 500 500 500 500 500 500 500 500 500 500 500 500 500 500 500 500 500 500 500 500 500 500 500 500 500 500 500 500 500 500 500 500 500 500 500 500 500 500 500 500 500 500 500 500 500 500 500 500 500 500 500  17  12  10   9   8   8   7   7
  9   9  10  11  12  14  23  16  15  20  16  17  20  32 500 500 500 500 500 500 500 500 500 500 500 500 500 500 500 500 500 500 500 500 500 500 500  33 500 500 500 500 500 500 500 500 500 500 500 500 500 500 500 500 500 500 500 500 500 500 500 500 500 500 500 500 500 500 500 500 500 500 500 500 500 500 500 500 500 500 500 500 500 500 500 500 500 500 500 500 500 500 500 500  38  10   9   8   8   7   7
  9   9  10  10  13  44  14  13  13  15  14  15  26  77 500 500 500 500 500 500 500 500 500 500 500 500 500 500 500 500 500 500 500 500 500 500 128  27 500 500 500 500 500 500 500 500 500 500 500 500 500 500 500 500 500 500 500 500 500 500 500 500 500 500 500 500 500 500 500 500 500 500 500 500 500 500 500 500 500 500 500 500 500 500 500 500 500 500 500 500 500 500 500 500  16  12  10   9   8   8   7
  8   9   9  10  13  14  12  11  12  12  13  14  16  21  45 500 500 500 500 500 500 500 500 500 500 500 500 500 500 500 500 500 500 500 500 500  28  24  56 500 500 500 500 500 500 500 500 500 500 500 500 500 500 500 500 500 500 500 500 500 500 500 500 500 500 500 500 500 500 500 500 500 500 500 500 500 500 500 500 500 500 500 500 500 500 500 500 500 500 500 500 500 500 500 500  53  11   9   8   8   7
  8   8   9  10  12  11  11  11  11  11  12  14  16  34 500  90 500 500 500 500 500 500 500 500 500 500 500 500 500 500 500 500 500 500 500  41  21  21  36 500 500 500 500 500 500 500 500 500 500 500 500 500 500 500 500 500 500 500 500 500 500 500 500 500 500 500 500 500 500 500 500 500 500 500 500 500 500 500 500 500 500 500 500 500 500 500 500 500 500 500 500 500 500 500 124  16  12   9   8   8   7
  8   8   8   9   9   9  10  10  10  11  12  33  18  19  28  25 500 500 500 500 500 500 500 500 500 500 500 500 500 500 500 500 500 500 500  34  19  19  88 500 500 500 500 500 500 500 500 500 500 500 500 500 500 500 500 500 500 500 500 500 500 500 500 500 500 500 500 500 500 500 500 500 500 500 500 500 500 500 500 500 500 500 500 500 500 500 500 500 500 500 500 500 500 500 106  14  12  10   9   8   7
  8   8   8   8   9   9   9   9  10  10  11  14  13  14  16  21  24 101 500 500 500 500 500 500 500 500 500 500 500 500 500 500 500 500  41  18  17  17  23 500 500 500 500 500 500 500 500 500 500 500 500 500 500 500 500 500 500 500 500 500 500 500 500 500 500 500 500 500 500 500 500 500 500 500 500 500 500 500 500 500 500 500 500 500 500 500 500 500 500 500 500 500 500 500  32  34  40  13   9   8   7
  7   8   8   8   8   8   9   9   9  10  10  11  12  13  14  17  27 132 500 500 500 500 500 500 500 500 500 500 500 500 500 269  49  31  17  16  15  16  20  87 500 500 500 500 500 500 500 500 500 500 500 500 500 500 500 500 500 500 500 500 500 500 500 500 500 500 500 500 500 500 500 500 500 500 500 500 500 500 500 500 500 500 500 500 500 500 500 500 500 500 500 500 500 500 500 500  22  14   9   8   8
  7   7   8   8   8   8   8   9   9   9  10  10  11  12  16  22  31 500 500 500  33 500 500 500 500 500 500 500 500 500  33  27  43  17  15  14  14  15  30 500 500 500 500 500 500 500 500 500 500 500 500 500 500 500 500 500 500 500 500 500 500 500 500 500 500 500 500 500 500 500 500 500 500 500 500 500 500 500 500 500 500 500 500 500 500 500 500 500 500 500 500 500 500 500 263  28  15  19   9   8   8
  7   7   7   7   8   8   8   8   9   9  10  10  11  12  14  16  24  56 500 122  23  22 103  50  51 500  41  66  29  83  25  55  18  14  13  13  13  14  16  29 100 500 500 500 500 500 500 500 500 500 500 500 500 500 500 500 500 500 500 500 500 500 500 500 500 500 500 500 500 500 500 500 500 500 500 500 500 500 500 500 500 500 500 500 500 500 500 500 500 500 500 500 500 500 155  15  12  11   9   8   8
  7   7   7   7   7   8   8   8   9   9   9  10  11  12  13  16  20  43  31  36  17  20  18  22  43 500  59  19  20  44  18  14  14  13  12  12  13  13  17 154 500 500 500 500 500 500 500 500 500 500 500 500 500 500 500 500 500 500 500 500 500 500 500 500 500 500 500 500 500 500 500 500 500 500 500 500 500 500 500 500 500 500 500 500 500 500 500 500 500 500 500 500 500 500  24  15  12  10   9   8   8
  7   7   7   7   7   8   8   8   8   9   9  10  11  13  14  18  36  52  18  39  14  14  15  16  21  38  47  15  22  18  13  12  12  12  12  12  12  13  14  25  26 500 500 500 500 500 500 500 500 500 500 500 500 500 500 500 500 500 500 500 500 500 500 500 500 500 500 500 500 500 500 500 500 500 500 500 500 500 500 500 500 500 500 500 500 500 500 500 500 500 500 500 500 500  21  17  13  11   9   8   8
  7   7   7   7   7   7   8   8   8   9   9  11  21  21  23  20  29  17  16  13  12  12  14  17  37  18  15  13  13  27  12  11  11  11  11  11  12  12  13  16  20  36 500 500 500 500 500 500 500 500 500 500 500 500 500 500 500 500 500 500 500 500 500 500 500 500 500 500 500 500 500 500 500 500 500 500 500 500 500 500 500 500 500 500 500 500 500 500 500 500 500 500 500  87 500  48  17  24  10   9   8
  6   7   7   7   7   7   7   8   8   9  10  12  18  15  13  12  12  13  12  11  11  11  13  23  15  13  12  11  11  11  11  10  10  10  10  11  11  12  13  20  33 500 500 500 500 500 500 500 500 500 500 500 500 500 500 500 500 500 500 500 500 500 500 500 500 500 500 500 500 500 500 500 500 500 500 500 500 500 500 500 500 500 500 500 500 500 500 500 500 500 500 500 500 500 500 500  57  38  13   9   8
  6   6   7   7   7   7   7   8   8   9  10  13  20  13  11  11  10  10  10  10  10  10  12  21  16  12  11  10  10  10  10  10  10  10  10  10  11  11  13  21  63  83  28 500 500 500 500 500 500 500 500 500 500 500 500 500 500 500 500 500 500 500 500 500 500 500 500 500 500 500 500 500 500 500 500 500 500 500 500 500 500 500 500 500 500 500 500 500 500 500 500 500 500  28 500  35  18  28  13   9   8
  6   6   6   7   7   7   7   7   8   8   9  11  28  13  11  10  10   9   9   9   9  10  10  12  16  11  10  10   9   9   9   9   9  10  10  10  10  11  11  13  33  19  43  37 500 500 500 500 500 500 500 500 500 500 500 500 500 500 500 500 500 500 500 500 500 500 500 500 500 500 500 500 500 500 500 500 500 500 500 500 500 500 500 500 500 500 500 500 500 500 500 500 500  18  18  24  14  19  17   9   8
  6   6   6   7   7   7   7   7   8   8   9  11  16  12  10   9   9   9   9   9   9   9   9  10  10   9   9   9   9   9   9   9   9   9   9  10  10  10  11  12  13  15  19  51  58 500 500 500 500 500 500 500 500 500 500 500 500 500 500 500 500 500 500 500 500 500 500 500 500 500 500 500 500 500 500 500 500 500 500 500 500 500 500 500 500 500 500 500 500 500 500 500 108  15  13  12  12  13  12   9   8
  6   6   6   6   7   7   7   7   7   8   9  15  12  11   9   9   8   8   8   8   8   8   9   9   9   9   9   9   9   9   9   9   9   9   9   9  10  10  10  11  13  16  56 500 500 500 500 500 500 500 500 500 500 500 500 500 500 500 500 500 500 500 500 500 500 500 500 500 500 500 500 500 500 500 500 500 500 500 500 500 500 500 500 500 500 500 500 500 500 500 500  37  77  21  12  11  10  10   9   8   7
  6   6   6   6   6   7   7   7   7   8   9  10   9   9   8   8   8   8   8   8   8   8   8   8   8   8   8   8   8   8   8   8   9   9   9   9   9  10  10  11  18  56  44 500 500 197 500 500 500 500 500 500 500 500 500 500 500 500 500 500 500 500 500 500 500 500 500 500 500 500 500 500 500 500 500 500 500 500 500 500 500 500 500 500 500 500 500 500 500 500 500  42  17  15  11  10   9   9   8   8   7
  6   6   6   6   6   6   7   7   7   7   8   8   8   8   8   8   8   8   8   8   8   8   8   8   8   8   8   8   8   8   8   8   8   8   9   9   9   9  10  11  15  41  34  25  59  21 170 500 500 500 500 500 500 500 500 500 500 500 500 500 500 500 500 500 500 500 500 500 500 500 500 500 500 500 500 500 500 500 500 500 500 500 500 500 500 500 500 500 500 500 118  18  14  12  10  10   9   8   8   7   7
  6   6   6   6   6   6   6   7   7   7   7   7   7   7   7   7   7   7   7   7   7   7   7   8   8   8   8   8   8   8   8   8   8   8   8   8   9   9   9  11  14  14  19  20  16  17 141 500 500 500 500 500 500 500 500 500 500 500 500 500 500 500 500 500 500 500 500 500 500 500 500 500 500 500 500 500 500 500 500 500 500 500 500 500 500 500 500 500 500  32  24  18  14  12  10   9   9   8   8   7   7
  6   6   6   6   6   6   6   6   7   7   7   7   7   7   7   7   7   7   7   7   7   7   7   7   7   7   7   7   8   8   8   8   8   8   8   8   8   9   9  10  10  11  14  19  14  14  18  20  98 500 500 500 500 500 500 500 500 500 500 500 500 500 500 500 500 500 500 500 500 500 500 500 500 500 500 500 500 500 500 500 500 500 500 500 500 500 500 500 500 500 500  34  19  14  10   9   9   8   8   7   7
  6   6   6   6   6   6   6   6   6   6   7   7   7   7   7   7   7   7   7   7   7   7   7   7   7   7   7   7   7   7   7   8   8   8   8   8   8   8   9   9  10  10  11  11  12  13  15  17  22  33  66 500 500 500 500 500 500 500 500 500 500 500 500 500 500 500 500 500 500 500 500 500 500 500 500 500 500 500 500 500 500 500 500 500 500 500 500 500 500 500 500 500  24  31  11  10   9   8   8   7   7
  6   6   6   6   6   6   6   6   6   6   6   6   6   7   7   7   7   7   7   7   7   7   7   7   7   7   7   7   7   7   7   7   7   8   8   8   8   8   8   9   9  10  10  11  11  13  16  22 135 500 500 500 500 500 500 500 500 500 500 500 500 500 500 500 500 500 500 500 500 500 500 500 500 500 500 500 500 500 500 500 500 500 500 500 500 500  28 500 500 500 500 500  26  15  12  10   9   8   7   7   7
  6   6   6   6   6   6   6   6   6   6   6   6   6   6   6   6   6   7   7   7   7   7   7   7   7   7   7   7   7   7   7   7   7   7   8   8   8   8   8   8   9   9  10  10  11  13  34 134 500 500 500 500  39 500 500 500 500 500 500 500 500 500 500 500 500 500 500 500 500 500 500 500 500 500 500 500 500 500 500 500 500 500 500 500 107 104  19  42 500 500 500 500  45  20  14  26   9   8   7   7   7
  5   5   6   6   6   6   6   6   6   6   6   6   6   6   6   6   6   6   6   6   6   7   7   7   7   7   7   7   7   7   7   7   7   7   7   7   8   8   8   8   9   9   9  10  11  13  25  22 151 500 500 500 193  26  34 500 500 500 500 500 500 500 500 500 500 500 500 500 500 500 500 500 500 500 500 500 500 500 500 500 500 500 500  31 358  17  16  32  29  96  43  65  29  24  30  12   9   8   7   7   7
  5   5   5   6   6   6   6   6   6   6   6   6   6   6   6   6   6   6   6   6   6   6   6   6   7   7   7   7   7   7   7   7   7   7   7   7   7   8   8   8   8   9   9  10  12  14  16  69 500 149 500 150  46  18 101  28 257 500 500 500 500 500 500 500 500 500 500 500 500 500 500 500 500 500 500 500 500 500 500 500 500 500  51  18  46  14  13  14  18  28  17  17  17  29  29  17  10   8   7   7   7
  5   5   5   5   6   6   6   6   6   6   6   6   6   6   6   6   6   6   6   6   6   6   6   6   6   6   7   7   7   7   7   7   7   7   7   7   7   7   8   8   8   9   9  10  13  21  21  29  42  30  24  70  19  15  16  18  97 500 169 500 500 500 500 500 500 500 500 500 500 500 500 500 500 500 500 500 500 500  94 187  48 500 114  17  13  12  12  13  29  26  13  13  14  26  13  12  11   8   7   7   6
  5   5   5   5   5   5   6   6   6   6   6   6   6   6   6   6   6   6   6   6   6   6   6   6   6   6   6   6   6   7   7   7   7   7   7   7   7   7   7   8   8   8   9  10  11  14  20  47  21  17  19  49  13  13  14  25  30  61  85  22 146  31 500 314 500 500 500 500 500 500 500 500 500 500 500  58  68  78  48  19  51  27  63  41  12  11  11  11  11  11  11  11  18  39  11  10   8   8   7   7   6
  5   5   5   5   5   5   5   5   6   6   6   6   6   6   6   6   6   6   6   6   6   6   6   6   6   6   6   6   6   6   7   7   7   7   7   7   7   7   7   8   8   8   9  10  13  39  18  23  35  17  13  12  12  12  12  15  44  42  17  16  67  19  49  21  22  26  36 500 500 500 500 500  28  23  22  20  22  20 118  14  14  64  40  21  11  10  10  10  10  10  10  10  12  43  12   9   8   7   7   7   6
  5   5   5   5   5   5   5   5   5   6   6   6   6   6   6   6   6   6   6   6   6   6   6   6   6   6   6   6   6   6   6   6   7   7   7   7   7   7   7   7   8   8   8  10  39  14  12  21  14  20  12  11  11  11  11  15  15  24  13  13  14  15  15  17  21  47 500 500 500 500 500 500 500  40  18  16  14  14  13  12  12  13  23  11  10   9   9   9   9   9   9  10  11  16  16   8   7   7   7   6   6
  5   5   5   5   5   5   5   5   5   5   5   6   6   6   6   6   6   6   6   6   6   6   6   6   6   6   6   6   6   6   6   6   6   7   7   7   7   7   7   7   7   8   8   9  10  10  10  10  11  13  11  10  10  10  10  11  11  11  12  12  12  13  15  17  40 500 500 500 500 500 500 500 500 324  20  15  13  12  11  11  11  11  10  10   9   9   9   9   8   8   9   9  10  17   9   8   7   7   6   6   6
  5   5   5   5   5   5   5   5   5   5   5   5   5   6   6   6   6   6   6   6   6   6   6   6   6   6   6   6   6   6   6   6   6   6   6   7   7   7   7   7   7   7   8   8   8   9   9   9   9   9   9   9   9   9  10  10  10  10  11  11  12  13  15  62 500 500 500 500 500 500 500 500 500 500  28  17  13  12  11  10  10  10   9   9   9   8   8   8   8   8   8   8   8   8   8   7   7   7   6   6   6
  5   5   5   5   5   5   5   5   5   5   5   5   5   5   5   6   6   6   6   6   6   6   6   6   6   6   6   6   6   6   6   6   6   6   6   6   7   7   7   7   7   7   7   8   8   8   8   8   8   9   9   9   9   9   9   9   9  10  10  11  11  13  15  23 118 500 500 500 500 500 500 500 500 500 500  21  14  11  10  10   9   9   9   8   8   8   8   8   8   8   8   7   7   7   7   7   7   6   6   6   6
  5   5   5   5   5   5   5   5   5   5   5   5   5   5   5   5   5   6   6   6   6   6   6   6   6   6   6   6   6   6   6   6   6   6   6   6   6   6   7   7   7   7   7   7   7   8   8   8   8   8   8   8   8   8   9   9   9   9  10  10  11  13  24  36  67 500 500 500 500 500 500 500 500 500  27  34  31  11  10   9   9   9   8   8   8   8   8   7   7   7   7   7   7   7   7   7   6   6   6   6   6
  5   5   5   5   5   5   5   5   5   5   5   5   5   5   5   5   5   5   5   6   6   6   6   6   6   6   6   6   6   6   6   6   6   6   6   6   6   6   6   7   7   7   7   7   7   7   7   7   8   8   8   8   8   8   8   9   9   9   9  10  11  12  21  20 135 500 500 500 500 500 500 500 500 500  41  16  13  11  10   9   9   8   8   8   8   8   7   7   7   7   7   7   7   7   6   6   6   6   6   6   6
  5   5   5   5   5   5   5   5   5   5   5   5   5   5   5   5   5   5   5   5   5   6   6   6   6   6   6   6   6   6   6   6   6   6   6   6   6   6   6   6   7   7   7   7   7   7   7   7   7   7   8   8   8   8   8   8   8   9   9  10  11  12  14  20 500 500 500 500 500 500 500 500 500  55  83  20  14  11  10   9   8   8   8   8   7   7   7   7   7   7   7   7   6   6   6   6   6   6   6   6   6
  5   5   5   5   5   5   5   5   5   5   5   5   5   5   5   5   5   5   5   5   5   5   5   6   6   6   6   6   6   6   6   6   6   6   6   6   6   6   6   6   6   6   7   7   7   7   7   7   7   7   7   7   8   8   8   8   8   9   9  10  11  13  15  23  40  92 500 500 500 500 500 500 500  22  19  27  35  14   9   9   8   8   8   7   7   7   7   7   7   7   7   6   6   6   6   6   6   6   6   6   6
  5   5   5   5   5   5   5   5   5   5   5   5   5   5   5   5   5   5   5   5   5   5   5   5   5   6   6   6   6   6   6   6   6   6   6   6   6   6   6   6   6   6   6   6   7   7   7   7   7   7   7   7   7   7   8   8   8   8   9  10  14  24  18  39  19  19  56 110  62 500  67  28  22  31  15  25  14  11   9   8   8   8   7   7   7   7   7   7   7   6   6   6   6   6   6   6   6   6   6   6   5
  5   5   5   5   5   5   5   5   5   5   5   5   5   5   5   5   5   5   5   5   5   5   5   5   5   5   5   6   6   6   6   6   6   6   6   6   6   6   6   6   6   6   6   6   6   7   7   7   7   7   7   7   7   7   7   8   8   8   8   9  10  12  14  19  16  15  24  20  46 500 500  52  17  14  13  14  15  10   9   8   8   7   7   7   7   7   7   7   6   6   6   6   6   6   6   6   6   6   6   5   5
  5   5   5   5   5   5   5   5   5   5   5   5   5   5   5   5   5   5   5   5   5   5   5   5   5   5   5   5   5   6   6   6   6   6   6   6   6   6   6   6   6   6   6   6   6   6   6   7   7   7   7   7   7   7   7   7   8   8   8   9   9  10  11  17  13  13  14  18  47 500  82  58  25  13  11  11  10   9   8   8   8   7   7   7   7   7   6   6   6   6   6   6   6   6   6   6   6   6   5   5   5
  5   5   5   5   5   5   5   5   5   5   5   5   5   5   5   5   5   5   5   5   5   5   5   5   5   5   5   5   5   5   5   6   6   6   6   6   6   6   6   6   6   6   6   6   6   6   6   6   6   7   7   7   7   7   7   7   7   8   8   8   9   9  10  11  11  11  21  19  19  33  26  17  24  12  11  10   9   9   8   8   7   7   7   7   7   6   6   6   6   6   6   6   6   6   6   6   6   5   5   5   5
  5   5   5   5   5   5   5   5   5   5   5   5   5   5   5   5   5   5   5   5   5   5   5   5   5   5   5   5   5   5   5   5   6   6   6   6   6   6   6   6   6   6   6   6   6   6   6   6   6   6   7   7   7   7   7   7   7   7   8   8   8   9   9   9  10  11  12  13  15  20  26  15  13  11  10   9   9   8   8   7   7   7   7   7   6   6   6   6   6   6   6   6   6   6   6   5   5   5   5   5   5
  5   5   5   5   5   5   5   5   5   5   5   5   5   5   5   5   5   5   5   5   5   5   5   5   5   5   5   5   5   5   5   5   5   5   6   6   6   6   6   6   6   6   6   6   6   6   6   6   6   6   6   6   7   7   7   7   7   7   7   8   8   8   9   9   9  10  11  12  13  16  23  14  12  11  10   9   8   8   8   7   7   7   7   6   6   6   6   6   6   6   6   6   6   6   5   5   5   5   5   5   5
  5   5   5   5   5   5   5   5   5   5   5   5   5   5   5   5   5   5   5   5   5   5   5   5   5   5   5   5   5   5   5   5   5   5   5   5   6   6   6   6   6   6   6   6   6   6   6   6   6   6   6   6   6   7   7   7   7   7   7   7   8   8   8   9   9  10  10  11  13  17  21  17  14  12  10   9   8   8   7   7   7   7   6   6   6   6   6   6   6   6   6   6   6   5   5   5   5   5   5   5   5
  5   5   5   5   5   5   5   5   5   5   5   5   5   5   5   5   5   5   5   5   5   5   5   5   5   5   5   5   5   5   5   5   5   5   5   5   5   6   6   6   6   6   6   6   6   6   6   6   6   6   6   6   6   6   7   7   7   7   7   7   8   8   8   8   9  10  10  12  17  29  14  15  22  20  13   9   8   8   7   7   7   7   6   6   6   6   6   6   6   6   6   6   5   5   5   5   5   5   5   5   5
  4   5   5   5   5   5   5   5   5   5   5   5   5   5   5   5   5   5   5   5   5   5   5   5   5   5   5   5   5   5   5   5   5   5   5   5   5   5   5   6   6   6   6   6   6   6   6   6   6   6   6   6   6   6   6   7   7   7   7   7   7   8   8   8   9  10  11  12  17  17  12  11  14  13  22 500   8   7   7   7   7   6   6   6   6   6   6   6   6   6   6   5   5   5   5   5   5   5   5   5   5